--------------------
Hopping matrix
[-1.2578115317180463 1.0175510105162042 -0.03724612916640276 -0.10901132285845996 0.009225496527425837 0.042602804247715995; 1.0175510105162042 0.12595838296530298 -0.9635863310977143 -0.0775130410380276 0.1055656800651146 0.019331198715065924]
Interaction matrices
U:
[5.542845 4.697732; 4.697732 5.602483]
J:
[0.0 0.087738; 0.087738 0.0]
U13:
[0.0 0.037655; 0.001018 0.0]
--------------------
Hopping matrix
[0.8956985509847938 0.0027964352722874564 -1.5172468590071133 -0.1613545209283027 -0.007952053520477453 -1.1917152587395727 0.014089005844123315 0.0005102931230176149 -0.00628007808490543 0.001658754055128287 0.03783817736844498 0.003502564005730362 0.0013064855023666325 0.00019648963066095805 -0.0006800590344314128 -0.0004912800357081811 0.002230603489771465 -0.00036542196071692734; 0.0027964352722874564 -0.1762298976326232 1.576057660706909 -1.0723242829888495 -0.053829925722643175 0.544108655725664 -1.1058230719308058 -0.0016981248860477422 0.05342464982412533 0.04426790257307846 -1.5766967536410674 0.46641758427827373 -0.012429607472115616 0.0003901397210024558 0.0028931338898486787 0.001088140194221305 -0.015281761658376341 0.005971900939807833; -1.5172468590071133 1.576057660706909 0.8195122971663468 -0.09586631419942784 0.9627825428822193 -1.6090537000976528 0.0819284206836545 0.015264620102872375 -0.051329642589652745 -0.03790336938442438 0.46098739805728456 -0.0015531997227225456 0.002128261539772001 0.001222765305018176 -0.0031231237892293696 -0.00295289552736199 0.011081638332683373 -0.00037318409770301493; -0.1613545209283027 -1.0723242829888495 -0.09586631419942784 0.7303427546623429 1.6292885230510143 -1.1571684982128767 0.0529901080864807 -0.012089489957664202 0.011205673666612114 0.011022831005671061 -0.07780671117781478 -0.04879122859569944 0.0020425434231568346 -0.0008836004526045176 0.0008362363529178498 0.0012242950212274742 -0.0023158533615730754 -0.0013072123771279062; -0.007952053520477453 -0.053829925722643175 0.9627825428822193 1.6292885230510143 0.8204460550701855 1.4999603776595047 -0.0108955779681578 -0.0031955847095159907 0.011379159495845661 0.006772137800525879 -0.052740620074233587 8.418544284690846e-5 -0.000995037852333573 -0.0003585907812785814 0.0009628037715276554 0.0007713312947987192 -0.003173512353333221 0.00017531222242569579; -1.1917152587395727 0.544108655725664 -1.6090537000976528 -1.1571684982128767 1.4999603776595047 1.4024521083608887 -0.05679215711933231 0.007541564443013186 -0.0016730902725607636 0.007676606787339866 0.010286389790834198 0.0735737412684964 -0.0016310387735596066 0.0007572301260986767 -0.000669226146782585 -0.0007737955895945534 0.0010054664556012971 0.002537187085446765]
Interaction matrices
U:
[5.374044 2.490629 3.44429 4.615443 4.023182 4.58731; 2.490629 5.76777 4.452815 3.054543 1.542637 2.852559; 3.44429 4.452815 6.584242 3.913729 2.070218 3.810979; 4.615443 3.054543 3.913729 5.361719 3.558668 4.622855; 4.023182 1.542637 2.070218 3.558668 6.582709 3.591244; 4.58731 2.852559 3.810979 4.622855 3.591244 4.929714]
J:
[0.0 0.014372 0.107004 0.260747 0.400283 1.07862; 0.014372 0.0 0.333874 0.091364 0.006248 0.096586; 0.107004 0.333874 0.0 0.411037 0.013154 0.202928; 0.260747 0.091364 0.411037 0.0 0.109475 1.100128; 0.400283 0.006248 0.013154 0.109475 0.0 0.211638; 1.07862 0.096586 0.202928 1.100128 0.211638 0.0]
U13:
[0.0 -0.018879 0.192517 0.133817 -0.206015 -0.091902; 0.076982 0.0 0.17657 -0.020603 -0.027073 0.153738; -0.260355 -0.01253 0.0 -0.748813 0.045503 -0.428663; 0.122391 0.034768 0.249631 0.0 -0.166671 0.017338; 0.71663 -0.030143 0.046663 0.284744 0.0 0.466446; 0.328585 -0.075494 0.001315 0.065731 -0.107484 0.0]
--------------------
Simulation: polyfuran_9_1_1_ccpvtz_2024_10_10_13_40_51
Hopping matrix
[-1.4536778454142107 0.8877990741793637 0.09795460009808869 -0.22602372400428863 -0.038591164453627654 0.11879554601347497; 0.8877990741793637 0.34655539267414265 -0.7351147910148422 -0.20476347186234084 -0.14455988807446543 0.05369747312884472]
Interaction matrices
U:
[3.191353 2.297103; 2.297103 3.741661]
J:
[0.0 0.061288; 0.061288 0.0]
U13:
[0.0 0.0842; 0.035242 0.0]
