--------------------
Hopping matrix
[-0.3148820380636296 -0.9678710724521418 -0.006646950669668939 0.08250959669406988 0.03237302034437447 0.01846887537236677 1.4548064382749826 1.7191609685632436 0.008607258451050216 -0.0187490111427135 0.12020943264657942 0.002345108494777737; 
-0.9678710724521418 -0.06597104364789962 -0.0690044275407982 -1.3644897381091539 -0.029045498279404405 0.1001102453426289 -1.571155086700938 0.048374916964904195 -0.005770429684619428 0.008025029162648462 0.09766153854488066 0.026332776116957213; 
-0.006646950669668939 -0.0690044275407982 -1.5506069105644984 -0.27104670378813034 -0.0044263821584804575 0.011393176922271398 -0.04132506886741508 -0.01976475474740049 -0.020194816866563683 0.006584202640966508 0.0069307192445609905 -0.004420512619565576; 
0.08250959669406988 -1.3644897381091539 -0.27104670378813034 0.4678461902401398 -0.005060312379750221 0.01065285207106017 -0.10898461466636625 -0.015986112911957614 0.0014415215968603514 -0.0020361063833610692 0.011766216440230227 -0.0034328012706740354]
Interaction matrices
U:
[4.033656 2.533017 0.536362 1.511847; 
2.533017 4.168631 1.26213 3.159345; 
0.536362 1.26213 4.085793 2.109177; 
1.511847 3.159345 2.109177 4.596125]
J:
[0.0 0.086485 0.0047 0.017256; 
0.086485 0.0 0.01324 0.149306; 
0.0047 0.01324 0.0 0.075629; 
0.017256 0.149306 0.075629 0.0]
U13:
[0.0 0.12714 0.006705 -0.005774; 
0.093211 0.0 0.032077 0.006471; 
0.011156 -0.055034 0.0 -0.161962; 
0.024121 0.080516 -0.099261 0.0]
--------------------
Hopping matrix
[-1.0117367911986226 -0.923465553496217 -0.07842351406435409 0.9496139226231002 0.025816073025508635 -0.11571947052782337; -0.923465553496217 0.11756576811633257 0.10000678436288989 -0.07100052520596216 -0.0007799989244496923 0.012175906023321588]
Interaction matrices
U:
[3.167264 2.376216; 2.376216 3.344568]
J:
[0.0 0.080614; 0.080614 0.0]
U13:
[0.0 -0.023808; -0.000784 0.0]
--------------------
Hopping matrix
[-1.0651201073850918 -0.8880516492438507 -0.03890168358334202 0.9528851431972197 0.01925744813068564 -0.13884802266350812; -0.8880516492438507 0.11170641625603385 0.08157903075499907 -0.06814326825540484 -0.029787230643197993 0.016896796176033558]
Interaction matrices
U:
[3.269553 2.563078; 2.563078 3.420131]
J:
[0.0 0.085305; 0.085305 0.0]
U13:
[0.0 -0.019233; 0.00045 0.0]
--------------------
Hopping matrix
[-1.081452941755467 -0.878302641909653 -0.025124528383609047 0.9479695358531174 0.011485656084260769 -0.14329838939536513; -0.878302641909653 0.10780722404233328 0.07117984596264779 -0.06487943212855386 -0.027203171738259386 0.015859391871084517]
Interaction matrices
U:
[3.41056 2.738113; 2.738113 3.544533]
J:
[0.0 0.084899; 0.084899 0.0]
U13:
[0.0 -0.017968; 0.001572 0.0]
--------------------
Hopping matrix
[-1.0879494349490526 -0.8749725692704103 -0.019236457638465054 0.9433262910794925 0.0072809806500376125 -0.1432046182715197; -0.8749725692704103 0.10562456429519347 0.06601571442824258 -0.06276584027366897 -0.023004817648770402 0.014432064887201645]
Interaction matrices
U:
[3.577891 2.925312; 2.925312 3.701314]
J:
[0.0 0.083908; 0.083908 0.0]
U13:
[0.0 -0.017351; 0.00242 0.0]
--------------------
Hopping matrix
[-1.0640478759028262 -0.8624767883128174 -0.03864352430330577 0.9675688778654954 0.019026502132724624 -0.1531433544739508; -0.8624767883128174 0.11109321707723625 0.0622775042245532 -0.06822772995426707 -0.025445448059484135 0.01698178160433818]
Interaction matrices
U:
[3.267127 2.590423; 2.590423 3.41749]
J:
[0.0 0.088889; 0.088889 0.0]
U13:
[0.0 -0.016339; -3.0e-5 0.0]
--------------------
Simulation: polythiophene_9_1_1_ccpvtz_2024_10_10_13_41_20
Hopping matrix
[-1.0551525995316493 -0.8630741189554202 -0.028447807727896346 0.9274469404779994 0.011651503182317606 -0.13680347421070535; -0.8630741189554202 0.12382692538732731 0.07329814211851787 -0.07429374932047673 -0.027917930519439228 0.017960517539695152]
Interaction matrices
U:
[3.410134 2.752978; 2.752978 3.545749]
J:
[0.0 0.081202; 0.081202 0.0]
U13:
[0.0 -0.020638; -0.001569 0.0]
